1
01 09 2025

13
Teatre
1
1
1
01 09 2025
15 09 2025
20
12.0
20 09 2025
18:00
Reus

13
Fotografia
1
1
1
01 09 2025
30 09 2025
15
50.0
05 10 2025
10:00
Tarragona

13
Pilates
1
1
1
01 10 2025
31 10 2025
10
5.0
15 11 2025
09:00
Tortosa

13
Nutricio
1
1
1
01 10 2025
31 10 2025
30
0.0
15 11 2025
11:00
Vila-seca

13
Escacs
1
1
1
01 11 2025
30 11 2025
10
15.0
01 12 2025
17:00
Valls

14
Curs Angles
1
1
1
01 09 2025
15 09 2025
25
100.0
20 09 2025
12
10:00
Campus Catalunya
Tarragona